,le
.. 77 ..

Fab. 127 p. 32 Fab. 163 p. 34
128 63. . 164 43
129 32 166 66
136 64 166 43
131 47 167 43
132 72 v , 168 43
133 41 169 44
134 42 170 37. 44
136 32. 64 171 39. 44
136 51 172 44
137 32 173 37. 44
138 53 174 44
139 50 175 44
140 32 176 65.
141 63 177 66
142 33 178 46
143 33 66
144 33. 46 180 49
146 33 181 34
146 42 34
147 33. 66 183 37. 44
148 47. 72 184 47. 66
149 47 · 186 47
160 47 186 47
161 42 ’ 187 48
162 42 48

153 33 189 48. 66
154 33. 46 190 34
155 33 34
156 72 192 73

157 53 193 34
158 33 194 34
159 33 195 35
160 33 196 73
161 33 197 73

162 33 198 38. 44

 

